28
11 * 15 19 37 11 11 20 38 41 52 40 53 65 64 80 79 76
10 * 5 50 10 10 49 47
17 * 6 20 22 17 17 19 23
20 * 18 17 19 11 20 20 22 23 37 38 41 52 40 53 65 64 80 79 76
19 * 17 11 20 17 19 19 37 38 41 52 40 53 65 64 80 79 76 22
23 * 5 22 17 20 23 23
22 * 6 17 23 20 19 22 22
32 * 15 31 41 61 32 32 37 62 52 74 47 73 70 76 49 50
31 * 14 32 31 31 41 61 37 62 52 74 47 70 76 49 50
38 * 15 37 40 53 65 11 20 19 38 38 41 52 64 80 79 76
37 * 20 11 38 41 52 20 19 32 31 37 37 40 53 65 64 80 79 76 47 49 50
41 * 21 32 37 11 20 19 31 38 41 41 61 62 52 47 49 50 40 53 65 64 80 79
40 * 14 38 65 11 20 19 37 41 40 40 53 52 64 80 79
47 * 10 49 52 10 32 31 37 41 47 47 50
50 * 10 10 49 32 31 37 41 47 50 50 52
49 * 10 47 50 10 32 31 37 41 49 49 52
53 * 13 38 65 11 20 19 37 41 40 53 53 64 80 76
52 * 18 37 47 11 20 19 32 31 38 41 40 50 49 52 52 65 64 80 76
62 * 10 61 74 32 31 41 62 62 73 70 76
61 * 10 32 62 31 41 61 61 74 73 70 76
65 * 15 38 40 53 64 11 20 19 37 41 52 65 65 80 79 76
64 * 15 65 80 11 20 19 38 37 41 40 53 52 64 64 79 76
74 * 11 62 73 70 76 32 31 61 74 74 80 79
73 * 10 74 32 62 61 73 73 70 76 80 79
70 * 11 74 76 32 31 62 61 73 70 70 80 79
80 * 18 64 79 76 11 20 19 38 37 41 40 53 52 65 74 73 70 80 80
79 * 16 80 11 20 19 38 37 41 40 65 64 74 73 70 79 79 76
76 * 20 74 70 80 11 20 19 32 31 38 37 53 52 62 61 65 64 73 79 76 76
